n=4
count=199
#1
4 1
4 2
4 3
#2
4 1
4 3
3 2
#3
4 1
4 2
3 2
#4
4 1
4 2
4 3
3 2
#5
3 1
3 2
4 3
#6
3 1
3 2
4 2
4 3
#7
3 1
3 2
4 1
4 2
#8
3 1
3 2
4 1
4 2
4 3
#9
2 1
3 2
4 3
#10
2 1
3 2
4 2
#11
2 1
3 2
4 2
4 3
#12
2 1
4 1
3 2
#13
2 1
4 1
4 3
3 2
#14
2 1
4 1
4 2
3 2
#15
2 1
4 1
4 2
4 3
3 2
#16
2 1
3 1
4 2
4 3
#17
2 1
3 1
3 2
4 3
#18
2 1
3 1
3 2
4 2
4 3
#19
2 1
3 1
4 1
#20
2 1
3 1
4 1
4 3
#21
2 1
3 1
4 1
4 2
4 3
#22
2 1
3 1
3 2
4 1
4 3
#23
2 1
3 1
3 2
4 1
4 2
#24
2 1
3 1
3 2
4 1
4 2
4 3
#25
3 4
4 1
4 2
4 3
#26
3 4
3 2
4 1
4 3
#27
3 4
3 2
4 1
4 2
4 3
#28
3 4
3 1
3 2
4 1
4 2
4 3
#29
3 4
4 2
4 3
2 1
#30
3 4
3 2
4 2
4 3
2 1
#31
3 4
4 1
4 3
2 1
#32
3 4
4 1
4 2
4 3
2 1
#33
3 4
3 2
4 1
4 3
2 1
#34
3 4
3 2
4 1
4 2
4 3
2 1
#35
3 4
3 1
4 1
4 3
2 1
#36
3 4
3 1
4 1
4 2
4 3
2 1
#37
3 4
3 1
3 2
4 1
4 2
4 3
2 1
#38
2 4
4 1
4 3
3 2
#39
2 4
4 1
4 2
3 2
#40
2 4
4 1
4 2
4 3
3 2
#41
2 4
4 2
3 1
3 2
#42
2 4
4 2
4 3
3 1
3 2
#43
2 4
4 1
4 3
3 1
3 2
#44
2 4
4 1
4 2
3 1
3 2
#45
2 4
4 1
4 2
4 3
3 1
3 2
#46
2 4
2 1
4 2
3 2
#47
2 4
2 1
4 2
4 3
3 2
#48
2 4
2 1
4 1
4 2
3 2
#49
2 4
2 1
4 1
4 2
4 3
3 2
#50
2 4
2 1
4 2
3 1
3 2
#51
2 4
2 1
4 2
4 3
3 1
3 2
#52
2 4
2 1
4 1
4 3
3 1
3 2
#53
2 4
2 1
4 1
4 2
3 1
3 2
#54
2 4
2 1
4 1
4 2
4 3
3 1
3 2
#55
2 4
4 1
4 2
4 3
3 4
#56
2 4
4 1
4 2
3 4
3 2
#57
2 4
4 1
4 2
4 3
3 4
3 2
#58
2 4
4 2
4 3
3 4
3 1
#59
2 4
4 2
3 4
3 1
3 2
#60
2 4
4 2
4 3
3 4
3 1
3 2
#61
2 4
4 1
4 2
4 3
3 4
3 1
#62
2 4
4 1
4 2
3 4
3 1
3 2
#63
2 4
4 1
4 2
4 3
3 4
3 1
3 2
#64
2 4
2 1
4 2
4 3
3 4
3 2
#65
2 4
2 1
4 1
4 2
3 4
3 2
#66
2 4
2 1
4 1
4 2
4 3
3 4
3 2
#67
2 4
2 1
4 2
4 3
3 4
3 1
#68
2 4
2 1
4 2
4 3
3 4
3 1
3 2
#69
2 4
2 1
4 1
4 2
4 3
3 4
3 1
#70
2 4
2 1
4 1
4 2
3 4
3 1
3 2
#71
2 4
2 1
4 1
4 2
4 3
3 4
3 1
3 2
#72
2 3
2 4
3 4
3 2
4 1
4 2
4 3
#73
2 3
2 4
3 4
3 1
3 2
4 1
4 2
4 3
#74
2 3
2 4
2 1
3 4
3 1
3 2
4 1
4 2
4 3
#75
1 4
4 3
2 1
3 2
#76
1 4
4 2
2 1
3 2
#77
1 4
4 2
4 3
2 1
3 2
#78
1 4
4 1
2 1
3 2
#79
1 4
4 1
4 3
2 1
3 2
#80
1 4
4 1
4 2
2 1
3 2
#81
1 4
4 1
4 2
4 3
2 1
3 2
#82
1 4
4 2
4 3
2 1
3 1
#83
1 4
4 2
2 1
3 1
3 2
#84
1 4
4 2
4 3
2 1
3 1
3 2
#85
1 4
4 1
2 1
3 1
#86
1 4
4 1
4 3
2 1
3 1
#87
1 4
4 1
4 2
4 3
2 1
3 1
#88
1 4
4 1
2 1
3 1
3 2
#89
1 4
4 1
4 3
2 1
3 1
3 2
#90
1 4
4 1
4 2
2 1
3 1
3 2
#91
1 4
4 1
4 2
4 3
2 1
3 1
3 2
#92
1 4
4 2
4 3
3 4
2 1
#93
1 4
4 2
4 3
3 4
3 2
2 1
#94
1 4
4 1
3 4
2 1
#95
1 4
4 1
4 3
3 4
2 1
#96
1 4
4 1
4 2
3 4
2 1
#97
1 4
4 1
4 2
4 3
3 4
2 1
#98
1 4
4 1
3 4
3 2
2 1
#99
1 4
4 1
4 3
3 4
3 2
2 1
#100
1 4
4 1
4 2
3 4
3 2
2 1
#101
1 4
4 1
4 2
4 3
3 4
3 2
2 1
#102
1 4
4 2
4 3
3 4
3 1
2 1
#103
1 4
4 2
3 4
3 1
3 2
2 1
#104
1 4
4 2
4 3
3 4
3 1
3 2
2 1
#105
1 4
4 1
3 4
3 1
2 1
#106
1 4
4 1
4 3
3 4
3 1
2 1
#107
1 4
4 1
4 2
3 4
3 1
2 1
#108
1 4
4 1
4 2
4 3
3 4
3 1
2 1
#109
1 4
4 1
3 4
3 1
3 2
2 1
#110
1 4
4 1
4 3
3 4
3 1
3 2
2 1
#111
1 4
4 1
4 2
3 4
3 1
3 2
2 1
#112
1 4
4 1
4 2
4 3
3 4
3 1
3 2
2 1
#113
1 4
4 2
4 3
2 4
3 1
3 2
#114
1 4
4 1
4 2
2 4
3 1
3 2
#115
1 4
4 1
4 2
4 3
2 4
3 1
3 2
#116
1 4
4 2
4 3
2 4
2 1
3 2
#117
1 4
4 1
2 4
2 1
3 2
#118
1 4
4 1
4 3
2 4
2 1
3 2
#119
1 4
4 1
4 2
2 4
2 1
3 2
#120
1 4
4 1
4 2
4 3
2 4
2 1
3 2
#121
1 4
4 2
4 3
2 4
2 1
3 1
3 2
#122
1 4
4 1
2 4
2 1
3 1
3 2
#123
1 4
4 1
4 3
2 4
2 1
3 1
3 2
#124
1 4
4 1
4 2
2 4
2 1
3 1
3 2
#125
1 4
4 1
4 2
4 3
2 4
2 1
3 1
3 2
#126
1 4
4 2
4 3
2 4
3 4
#127
1 4
4 2
4 3
2 4
3 4
3 2
#128
1 4
4 1
4 2
4 3
2 4
3 4
#129
1 4
4 1
4 3
2 4
3 4
3 2
#130
1 4
4 1
4 2
2 4
3 4
3 2
#131
1 4
4 1
4 2
4 3
2 4
3 4
3 2
#132
1 4
4 2
4 3
2 4
3 4
3 1
3 2
#133
1 4
4 1
4 2
2 4
3 4
3 1
3 2
#134
1 4
4 1
4 2
4 3
2 4
3 4
3 1
3 2
#135
1 4
4 2
4 3
2 4
2 1
3 4
3 2
#136
1 4
4 1
4 3
2 4
2 1
3 4
3 2
#137
1 4
4 1
4 2
2 4
2 1
3 4
3 2
#138
1 4
4 1
4 2
4 3
2 4
2 1
3 4
3 2
#139
1 4
4 2
4 3
2 4
2 1
3 4
3 1
#140
1 4
4 2
4 3
2 4
2 1
3 4
3 1
3 2
#141
1 4
4 1
2 4
2 1
3 4
3 1
#142
1 4
4 1
4 3
2 4
2 1
3 4
3 1
#143
1 4
4 1
4 2
4 3
2 4
2 1
3 4
3 1
#144
1 4
4 1
2 4
2 1
3 4
3 1
3 2
#145
1 4
4 1
4 3
2 4
2 1
3 4
3 1
3 2
#146
1 4
4 1
4 2
2 4
2 1
3 4
3 1
3 2
#147
1 4
4 1
4 2
4 3
2 4
2 1
3 4
3 1
3 2
#148
1 4
4 1
4 3
2 3
3 2
#149
1 4
4 1
4 2
4 3
2 3
3 2
#150
1 4
4 1
4 3
2 3
3 1
3 2
#151
1 4
4 1
4 2
2 3
3 1
3 2
#152
1 4
4 1
4 2
4 3
2 3
3 1
3 2
#153
1 4
4 2
4 3
2 3
2 1
3 1
3 2
#154
1 4
4 1
2 3
2 1
3 1
3 2
#155
1 4
4 1
4 3
2 3
2 1
3 1
3 2
#156
1 4
4 1
4 2
4 3
2 3
2 1
3 1
3 2
#157
1 4
4 1
4 3
2 3
3 4
3 2
#158
1 4
4 1
4 2
4 3
2 3
3 4
3 2
#159
1 4
4 1
4 2
4 3
2 3
3 4
3 1
3 2
#160
1 4
4 2
4 3
2 3
2 1
3 4
3 2
#161
1 4
4 1
2 3
2 1
3 4
3 2
#162
1 4
4 1
4 3
2 3
2 1
3 4
3 2
#163
1 4
4 1
4 2
2 3
2 1
3 4
3 2
#164
1 4
4 1
4 2
4 3
2 3
2 1
3 4
3 2
#165
1 4
4 2
4 3
2 3
2 1
3 4
3 1
3 2
#166
1 4
4 1
2 3
2 1
3 4
3 1
3 2
#167
1 4
4 1
4 3
2 3
2 1
3 4
3 1
3 2
#168
1 4
4 1
4 2
2 3
2 1
3 4
3 1
3 2
#169
1 4
4 1
4 2
4 3
2 3
2 1
3 4
3 1
3 2
#170
1 4
4 2
4 3
2 3
2 4
3 4
3 2
#171
1 4
4 1
4 3
2 3
2 4
3 4
3 2
#172
1 4
4 1
4 2
4 3
2 3
2 4
3 4
3 2
#173
1 4
4 2
4 3
2 3
2 4
3 4
3 1
3 2
#174
1 4
4 1
4 3
2 3
2 4
3 4
3 1
3 2
#175
1 4
4 1
4 2
2 3
2 4
3 4
3 1
3 2
#176
1 4
4 1
4 2
4 3
2 3
2 4
3 4
3 1
3 2
#177
1 4
4 2
4 3
2 3
2 4
2 1
3 4
3 1
3 2
#178
1 4
4 1
2 3
2 4
2 1
3 4
3 1
3 2
#179
1 4
4 1
4 3
2 3
2 4
2 1
3 4
3 1
3 2
#180
1 4
4 1
4 2
4 3
2 3
2 4
2 1
3 4
3 1
3 2
#181
1 3
1 4
3 1
3 2
4 2
4 3
2 4
2 1
#182
1 3
1 4
3 1
3 2
4 1
4 3
2 4
2 1
#183
1 3
1 4
3 1
3 2
4 1
4 2
2 4
2 1
#184
1 3
1 4
3 1
3 2
4 1
4 2
4 3
2 4
2 1
#185
1 3
1 4
3 4
3 2
4 1
4 2
4 3
2 4
2 1
#186
1 3
1 4
3 4
3 1
4 1
4 3
2 4
2 1
#187
1 3
1 4
3 4
3 1
4 1
4 2
2 4
2 1
#188
1 3
1 4
3 4
3 1
4 1
4 2
4 3
2 4
2 1
#189
1 3
1 4
3 4
3 1
3 2
4 1
4 3
2 4
2 1
#190
1 3
1 4
3 4
3 1
3 2
4 1
4 2
2 4
2 1
#191
1 3
1 4
3 4
3 1
3 2
4 1
4 2
4 3
2 4
2 1
#192
1 3
1 4
3 1
3 2
4 1
4 2
2 3
2 4
#193
1 3
1 4
3 1
3 2
4 1
4 2
4 3
2 3
2 4
#194
1 3
1 4
3 1
3 2
4 1
4 2
4 3
2 3
2 4
2 1
#195
1 3
1 4
3 4
3 1
3 2
4 1
4 2
4 3
2 3
2 4
#196
1 3
1 4
3 4
3 1
4 1
4 3
2 3
2 4
2 1
#197
1 3
1 4
3 4
3 1
4 1
4 2
4 3
2 3
2 4
2 1
#198
1 3
1 4
3 4
3 1
3 2
4 1
4 2
4 3
2 3
2 4
2 1
#199
1 2
1 3
1 4
2 3
2 4
2 1
3 4
3 1
3 2
4 1
4 2
4 3
